KS, 128, 415, 382-4657, no, yes, 25, 265.1, 110, 45.07, 197.4, 99, 16.78, 244.7, 91, 11.01, 10, 3, 2.7, 1, False.
OH, 107, 415, 371-7191, no, yes, 26, 161.6, 123, 27.47, 195.5, 103, 16.62, 254.4, 103, 11.45, 13.7, 3, 3.7, 1, False.
NJ, 137, 415, 358-1921, no, no, 0, 243.4, 114, 41.38, 121.2, 110, 10.3, 162.6, 104, 7.32, 12.2, 5, 3.29, 0, False.
OH, 84, 408, 375-9999, yes, no, 0, 299.4, 71, 50.9, 61.9, 88, 5.26, 196.9, 89, 8.86, 6.6, 7, 1.78, 2, False.
OK, 75, 415, 330-6626, yes, no, 0, 166.7, 113, 28.34, 148.3, 122, 12.61, 186.9, 121, 8.41, 10.1, 3, 2.73, 3, False.
AL, 118, 510, 391-8027, yes, no, 0, 223.4, 98, 37.98, 220.6, 101, 18.75, 203.9, 118, 9.18, 6.3, 6, 1.7, 0, False.
MA, 121, 510, 355-9993, no, yes, 24, 218.2, 88, 37.09, 348.5, 108, 29.62, 212.6, 118, 9.57, 7.5, 7, 2.03, 3, False.
MO, 147, 415, 329-9001, yes, no, 0, 157, 79, 26.69, 103.1, 94, 8.76, 211.8, 96, 9.53, 7.1, 6, 1.92, 0, False.
LA, 117, 408, 335-4719, no, no, 0, 184.5, 97, 31.37, 351.6, 80, 29.89, 215.8, 90, 9.71, 8.7, 4, 2.35, 1, False.
WV, 141, 415, 330-8173, yes, yes, 37, 258.6, 84, 43.96, 222, 111, 18.87, 326.4, 97, 14.69, 11.2, 5, 3.02, 0, False.
IN, 65, 415, 329-6603, no, no, 0, 129.1, 137, 21.95, 228.5, 83, 19.42, 208.8, 111, 9.4, 12.7, 6, 3.43, 4, True.
RI, 74, 415, 344-9403, no, no, 0, 187.7, 127, 31.91, 163.4, 148, 13.89, 196, 94, 8.82, 9.1, 5, 2.46, 0, False.
IA, 168, 408, 363-1107, no, no, 0, 128.8, 96, 21.9, 104.9, 71, 8.92, 141.1, 128, 6.35, 11.2, 2, 3.02, 1, False.
MT, 95, 510, 394-8006, no, no, 0, 156.6, 88, 26.62, 247.6, 75, 21.05, 192.3, 115, 8.65, 12.3, 5, 3.32, 3, False.
IA, 62, 415, 366-9238, no, no, 0, 120.7, 70, 20.52, 307.2, 76, 26.11, 203, 99, 9.14, 13.1, 6, 3.54, 4, False.
NY, 161, 415, 351-7269, no, no, 0, 332.9, 67, 56.59, 317.8, 97, 27.01, 160.6, 128, 7.23, 5.4, 9, 1.46, 4, True.
ID, 85, 408, 350-8884, no, yes, 27, 196.4, 139, 33.39, 280.9, 90, 23.88, 89.3, 75, 4.02, 13.8, 4, 3.73, 1, False.
VT, 93, 510, 386-2923, no, no, 0, 190.7, 114, 32.42, 218.2, 111, 18.55, 129.6, 121, 5.83, 8.1, 3, 2.19, 3, False.
VA, 76, 510, 356-2992, no, yes, 33, 189.7, 66, 32.25, 212.8, 65, 18.09, 165.7, 108, 7.46, 10, 5, 2.7, 1, False.
TX, 73, 415, 373-2782, no, no, 0, 224.4, 90, 38.15, 159.5, 88, 13.56, 192.8, 74, 8.68, 13, 2, 3.51, 1, False.
FL, 147, 415, 396-5800, no, no, 0, 155.1, 117, 26.37, 239.7, 93, 20.37, 208.8, 133, 9.4, 10.6, 4, 2.86, 0, False.
CO, 77, 408, 393-7984, no, no, 0, 62.4, 89, 10.61, 169.9, 121, 14.44, 209.6, 64, 9.43, 5.7, 6, 1.54, 5, True.
AZ, 130, 415, 358-1958, no, no, 0, 183, 112, 31.11, 72.9, 99, 6.2, 181.8, 78, 8.18, 9.5, 19, 2.57, 0, False.
SC, 111, 415, 350-2565, no, no, 0, 110.4, 103, 18.77, 137.3, 102, 11.67, 189.6, 105, 8.53, 7.7, 6, 2.08, 2, False.
VA, 132, 510, 343-4696, no, no, 0, 81.1, 86, 13.79, 245.2, 72, 20.84, 237, 115, 10.67, 10.3, 2, 2.78, 0, False.
NE, 174, 415, 331-3698, no, no, 0, 124.3, 76, 21.13, 277.1, 112, 23.55, 250.7, 115, 11.28, 15.5, 5, 4.19, 3, False.
WY, 57, 408, 357-3817, no, yes, 39, 213, 115, 36.21, 191.1, 112, 16.24, 182.7, 115, 8.22, 9.5, 3, 2.57, 0, False.
MT, 54, 408, 418-6412, no, no, 0, 134.3, 73, 22.83, 155.5, 100, 13.22, 102.1, 68, 4.59, 14.7, 4, 3.97, 3, False.
MO, 20, 415, 353-2630, no, no, 0, 190, 109, 32.3, 258.2, 84, 21.95, 181.5, 102, 8.17, 6.3, 6, 1.7, 0, False.
HI, 49, 510, 410-7789, no, no, 0, 119.3, 117, 20.28, 215.1, 109, 18.28, 178.7, 90, 8.04, 11.1, 1, 3, 1, False.
IL, 142, 415, 416-8428, no, no, 0, 84.8, 95, 14.42, 136.7, 63, 11.62, 250.5, 148, 11.27, 14.2, 6, 3.83, 2, False.
NH, 75, 510, 370-3359, no, no, 0, 226.1, 105, 38.44, 201.5, 107, 17.13, 246.2, 98, 11.08, 10.3, 5, 2.78, 1, False.
LA, 172, 408, 383-1121, no, no, 0, 212, 121, 36.04, 31.2, 115, 2.65, 293.3, 78, 13.2, 12.6, 10, 3.4, 3, False.
AZ, 12, 408, 360-1596, no, no, 0, 249.6, 118, 42.43, 252.4, 119, 21.45, 280.2, 90, 12.61, 11.8, 3, 3.19, 1, True.
OK, 57, 408, 395-2854, no, yes, 25, 176.8, 94, 30.06, 195, 75, 16.58, 213.5, 116, 9.61, 8.3, 4, 2.24, 0, False.
GA, 72, 415, 362-1407, no, yes, 37, 220, 80, 37.4, 217.3, 102, 18.47, 152.8, 71, 6.88, 14.7, 6, 3.97, 3, False.
AK, 36, 408, 341-9764, no, yes, 30, 146.3, 128, 24.87, 162.5, 80, 13.81, 129.3, 109, 5.82, 14.5, 6, 3.92, 0, False.
MA, 78, 415, 353-3305, no, no, 0, 130.8, 64, 22.24, 223.7, 116, 19.01, 227.8, 108, 10.25, 10, 5, 2.7, 1, False.
AK, 136, 415, 402-1381, yes, yes, 33, 203.9, 106, 34.66, 187.6, 99, 15.95, 101.7, 107, 4.58, 10.5, 6, 2.84, 3, False.
NJ, 149, 408, 332-9891, no, no, 0, 140.4, 94, 23.87, 271.8, 92, 23.1, 188.3, 108, 8.47, 11.1, 9, 3, 1, False.
GA, 98, 408, 372-9976, no, no, 0, 126.3, 102, 21.47, 166.8, 85, 14.18, 187.8, 135, 8.45, 9.4, 2, 2.54, 3, False.
MD, 135, 408, 383-6029, yes, yes, 41, 173.1, 85, 29.43, 203.9, 107, 17.33, 122.2, 78, 5.5, 14.6, 15, 3.94, 0, True.
AR, 34, 510, 353-7289, no, no, 0, 124.8, 82, 21.22, 282.2, 98, 23.99, 311.5, 78, 14.02, 10, 4, 2.7, 2, False.
ID, 160, 415, 390-7274, no, no, 0, 85.8, 77, 14.59, 165.3, 110, 14.05, 178.5, 92, 8.03, 9.2, 4, 2.48, 3, False.
WI, 64, 510, 352-1237, no, no, 0, 154, 67, 26.18, 225.8, 118, 19.19, 265.3, 86, 11.94, 3.5, 3, 0.95, 1, False.
OR, 59, 408, 353-3061, no, yes, 28, 120.9, 97, 20.55, 213, 92, 18.11, 163.1, 116, 7.34, 8.5, 5, 2.3, 2, False.
MI, 65, 415, 363-5450, no, no, 0, 211.3, 120, 35.92, 162.6, 122, 13.82, 134.7, 118, 6.06, 13.2, 5, 3.56, 3, False.
DE, 142, 408, 364-1995, no, no, 0, 187, 133, 31.79, 134.6, 74, 11.44, 242.2, 127, 10.9, 7.4, 5, 2, 2, False.
ID, 119, 415, 398-1294, no, no, 0, 159.1, 114, 27.05, 231.3, 117, 19.66, 143.2, 91, 6.44, 8.8, 3, 2.38, 5, True.
WY, 97, 415, 405-7146, no, yes, 24, 133.2, 135, 22.64, 217.2, 58, 18.46, 70.6, 79, 3.18, 11, 3, 2.97, 1, False.